[Mainback.bmp]
moddate=c60442fc2b68d101
width=800
height=700
text=1;128;4;Back;Agency FB;0.777712,0.843574,0.132293,6.283185;v1,4294967295,4278190080,128.000000,1.000000,0.000000,1.000000,700,0,49160;;
textactive=1
