[Mainback.bmp]
text=5;139;14;Instructions&#010;&#010;;Agency FB;0.269982,0.045363,0.133333,0.000000;v1,4294967295,4278190080,128.000000,1.000000,0.000000,1.000000,700,0,49160;;136;11; move Right;Agency FB;0.436277,0.318033,0.133333,0.000000;v1,4294967295,4278190080,128.000000,1.000000,0.000000,1.000000,700,0,49160;;133;9;move Left;Agency FB;0.461573,0.526417,0.133333,0.000000;v1,4294967295,4278190080,128.000000,1.000000,0.000000,1.000000,700,0,49160;;129;5;Shoot;Agency FB;0.458914,0.719631,0.133333,0.000000;v1,4294967295,4278190080,128.000000,1.000000,0.000000,1.000000,700,0,49160;;128;4;Back;Agency FB;0.785482,0.850177,0.133333,0.000000;v1,4294967295,4278190080,128.000000,1.000000,0.000000,1.000000,700,0,49160;;
backuphash=63957
textactive=1
[main_page.bmp]
text=1;134;9;HighScore;Bauhaus 93;0.041045,0.723036,0.087473,6.283185;v1,4294967295,4278190080,128.000000,1.000000,0.000000,1.000000,700,0,49152;;
backuphash=39265
textactive=1
[gameover.bmp.jpg]
backuphash=53029
[end.bmp.jpg]
backuphash=11962
