[gameover.bmp]
moddate=ef9876623068d101
width=800
height=700
text=1;128;4;Back;Agency FB;0.785160,0.849488,0.133333,0.000000;v1,4294967295,4278190080,128.000000,1.000000,0.000000,1.000000,700,0,49160;;
textactive=1
[end.bmp]
moddate=8ed5649a3068d101
width=800
height=700
text=1;128;4;Back;Agency FB;0.786418,0.850706,0.133333,0.000000;v1,4294967295,4278190080,128.000000,1.000000,0.000000,1.000000,700,0,49160;;
textactive=1
